================================================
RUNNING Non-LAZY EXPERIMENTS
================================================
==================================================================================
Trying alpha = 0.3, lambda = 0.2, p = 1
==================================================================================
100%|████████████████████████████████████████████████████████████████████████████████████████████████████████████████████████████████████████████████████████████| 4681992/4681992 [3:04:22<00:00, 423.25it/s]
total reward earned from Linucb: 9159.0
num times selected each bandit: [0, 0, 0, 0, 0, 0, 0, 0, 0, 278786, 0, 0, 0, 0, 0, 0, 0, 0, 0, 1, 0, 0, 0, 0, 4298428, 0, 0, 0, 0, 0, 0, 0, 0, 0, 0, 0, 0, 0, 0, 0, 0, 0, 0, 0, 0, 0, 104777, 0, 0, 0, 0, 0, 0, 0, 0, 0, 0, 0, 0, 0, 0, 0, 0, 0, 0, 0, 0, 0, 0, 0, 0, 0, 0]
Doubling Round 4681991
==================================================================================
Trying alpha = 0.3, lambda = 0.2, p = 5
==================================================================================
100%|██████████████████████████████████████████████████████████████████████████████████████████████████████████████████████████████████████████████████████████████| 936399/936399 [1:27:18<00:00, 178.74it/s]
total reward earned from Linucb: 9159.0
num times selected each bandit: [0, 0, 0, 0, 0, 0, 0, 0, 0, 278782, 0, 0, 0, 0, 0, 0, 0, 0, 0, 5, 0, 0, 0, 0, 4298428, 0, 0, 0, 0, 0, 0, 0, 0, 0, 0, 0, 0, 0, 0, 0, 0, 0, 0, 0, 0, 0, 104777, 0, 0, 0, 0, 0, 0, 0, 0, 0, 0, 0, 0, 0, 0, 0, 0, 0, 0, 0, 0, 0, 0, 0, 0, 0, 0]
Doubling Round 922080
==================================================================================
Trying alpha = 0.3, lambda = 0.2, p = 10
==================================================================================
100%|██████████████████████████████████████████████████████████████████████████████████████████████████████████████████████████████████████████████████████████████| 468200/468200 [1:15:04<00:00, 103.95it/s]
total reward earned from Linucb: 9159.0
num times selected each bandit: [0, 0, 0, 0, 0, 0, 0, 0, 0, 278777, 0, 0, 0, 0, 0, 0, 0, 0, 0, 10, 0, 0, 0, 0, 4298419, 1, 0, 0, 0, 0, 0, 0, 0, 0, 0, 0, 8, 0, 0, 0, 0, 0, 0, 0, 0, 0, 104777, 0, 0, 0, 0, 0, 0, 0, 0, 0, 0, 0, 0, 0, 0, 0, 0, 0, 0, 0, 0, 0, 0, 0, 0, 0, 0]
Doubling Round 460926
==================================================================================
Trying alpha = 0.3, lambda = 0.2, p = 20
==================================================================================
100%|███████████████████████████████████████████████████████████████████████████████████████████████████████████████████████████████████████████████████████████████| 234100/234100 [1:09:01<00:00, 56.53it/s]
total reward earned from Linucb: 9159.0
num times selected each bandit: [0, 0, 4, 0, 0, 0, 0, 0, 0, 278767, 0, 0, 0, 0, 0, 0, 0, 0, 0, 20, 0, 0, 0, 0, 4298390, 13, 0, 0, 0, 0, 0, 0, 0, 0, 0, 0, 21, 0, 0, 0, 0, 0, 0, 0, 0, 0, 104777, 0, 0, 0, 0, 0, 0, 0, 0, 0, 0, 0, 0, 0, 0, 0, 0, 0, 0, 0, 0, 0, 0, 0, 0, 0, 0]
Doubling Round 231902
==================================================================================
Trying alpha = 0.3, lambda = 0.2, p = 30
==================================================================================
100%|███████████████████████████████████████████████████████████████████████████████████████████████████████████████████████████████████████████████████████████████| 156067/156067 [1:06:51<00:00, 38.91it/s]
total reward earned from Linucb: 9159.0
num times selected each bandit: [0, 0, 15, 0, 0, 0, 0, 0, 0, 278757, 0, 0, 0, 0, 0, 0, 0, 0, 0, 30, 0, 0, 0, 0, 4298306, 33, 0, 0, 0, 0, 0, 0, 0, 0, 0, 0, 74, 0, 0, 0, 0, 0, 0, 0, 0, 0, 104777, 0, 0, 0, 0, 0, 0, 0, 0, 0, 0, 0, 0, 0, 0, 0, 0, 0, 0, 0, 0, 0, 0, 0, 0, 0, 0]
Doubling Round 155153
==================================================================================
Trying alpha = 0.3, lambda = 0.2, p = 50
==================================================================================
100%|█████████████████████████████████████████████████████████████████████████████████████████████████████████████████████████████████████████████████████████████████| 93640/93640 [1:05:20<00:00, 23.89it/s]
total reward earned from Linucb: 9157.0
num times selected each bandit: [0, 0, 15, 0, 0, 0, 0, 0, 0, 278737, 0, 0, 0, 0, 0, 0, 0, 0, 0, 50, 0, 0, 0, 0, 4298224, 57, 0, 0, 0, 0, 0, 0, 0, 0, 0, 0, 132, 0, 0, 0, 0, 0, 0, 0, 0, 0, 104777, 0, 0, 0, 0, 0, 0, 0, 0, 0, 0, 0, 0, 0, 0, 0, 0, 0, 0, 0, 0, 0, 0, 0, 0, 0, 0]
Doubling Round 93372
==================================================================================
Trying alpha = 0.3, lambda = 0.2, p = 100
==================================================================================
100%|█████████████████████████████████████████████████████████████████████████████████████████████████████████████████████████████████████████████████████████████████| 46820/46820 [1:04:09<00:00, 12.16it/s]
total reward earned from Linucb: 9158.0
num times selected each bandit: [0, 0, 74, 0, 0, 0, 0, 0, 0, 278687, 0, 0, 0, 0, 0, 0, 0, 0, 0, 189, 0, 0, 0, 0, 4297603, 276, 0, 0, 0, 0, 0, 0, 0, 0, 25, 0, 361, 0, 0, 0, 0, 0, 0, 0, 0, 0, 104777, 0, 0, 0, 0, 0, 0, 0, 0, 0, 0, 0, 0, 0, 0, 0, 0, 0, 0, 0, 0, 0, 0, 0, 0, 0, 0]
Doubling Round 46775
==================================================================================
Trying alpha = 0.3, lambda = 0.2, p = 250
==================================================================================
 67%|██████████████████████████████████████████████████████████████████████████████████████████████████████████████                                            68%|██████████████████████████████████████████████████████████████████████████████████████████████████████████████                                            68%|██████████████████████████████████████████████████████████████████████████████████████████████████████████████                                            68%|██████████████████████████████████████████████████████████████████████████████████████████████████████████████                                            68%|██████████████████████████████████████████████████████████████████████████████████████████████████████████████                                            68%|██████████████████████████████████████████████████████████████████████████████████████████████████████████████                                            68%|██████████████████████████████████████████████████████████████████████████████████████████████████████████████                                            68%|██████████████████████████████████████████████████████████████████████████████████████████████████████████████                                            68%|██████████████████████████████████████████████████████████████████████████████████████████████████████████████                                            68%|██████████████████████████████████████████████████████████████████████████████████████████████████████████████                                            68%|██████████████████████████████████████████████████████████████████████████████████████████████████████████████                                            68%|██████████████████████████████████████████████████████████████████████████████████████████████████████████████                                            68%|██████████████████████████████████████████████████████████████████████████████████████████████████████████████▏                                           68%|██████████████████████████████████████████████████████████████████████████████████████████████████████████████▏                                           68%|██████████████████████████████████████████████████████████████████████████████████████████████████████████████▏                                           68%|██████████████████████████████████████████████████████████████████████████████████████████████████████████████▏                                           68%|██████████████████████████████████████████████████████████████████████████████████████████████████████████████▏                                           68%|██████████████████████████████████████████████████████████████████████████████████████████████████████████████▏                                           68%|██████████████████████████████████████████████████████████████████████████████████████████████████████████████▏                                           68%|██████████████████████████████████████████████████████████████████████████████████████████████████████████████▏                                           68%|██████████████████████████████████████████████████████████████████████████████████████████████████████████████▏                                           68%|██████████████████████████████████████████████████████████████████████████████████████████████████████████████▏                                           68%|██████████████████████████████████████████████████████████████████████████████████████████████████████████████▏                                           68%|██████████████████████████████████████████████████████████████████████████████████████████████████████████████▏                                           68%|██████████████████████████████████████████████████████████████████████████████████████████████████████████████▏      100%|█████████████████████████████████████████████████████████████████████████████████████████████████████████████████████████████████████████████████████████████████| 18728/18728 [1:05:13<00:00,  4.79it/s]
total reward earned from Linucb: 9157.0
num times selected each bandit: [0, 0, 660, 0, 0, 0, 0, 0, 48, 275539, 0, 0, 0, 0, 0, 0, 0, 0, 0, 3412, 0, 0, 0, 0, 4294957, 762, 0, 122, 0, 0, 0, 0, 0, 0, 508, 0, 1207, 0, 0, 0, 0, 0, 0, 0, 0, 0, 104167, 0, 0, 610, 0, 0, 0, 0, 0, 0, 0, 0, 0, 0, 0, 0, 0, 0, 0, 0, 0, 0, 0, 0, 0, 0, 0]
Doubling Round 18727
==================================================================================
Trying alpha = 0.3, lambda = 0.2, p = 500
==================================================================================
 67%|██████████████████████████████████████████████████████████████████████████████████████████████████████████████▉                                         67%|██████████████████████████████████████████████████████████████████████████████████████████████████████████████▉                                         67%|██████████████████████████████████████████████████████████████████████████████████████████████████████████████▉                                         67%|██████████████████████████████████████████████████████████████████████████████████████████████████████████████▉                                         67%|███████████████████████████████████████████████████████████████████████████████████████████████████████████████                                         67%|███████████████████████████████████████ 67%|███████████████████████████████████████████████████████████████████████████████████████████████████████████████▎                                                     | 6320/ 68%|███████████████████████████████████████████████████████████████████████████████████████████████████████████████▍                                      68%|███████████████████████████████████████████████████████████████████████████████████████████████████████████████▍                                      68%|███████████████████████████████████████████████████████████████████████████████████████████████████████████████▍                                      68%|███████████████████████████████████████████████████████████████████████████████████████████████████████████████▍                                      68%|███████████████████████████████████████████████████████████████████████████████████████████████████████████████▍                                      68%|███████████████████████████████████████████████████████████████████████████████████████████████████████████████▍                                      68%|███████████████████████████████████████████████████████████████████████████████████████████████████████████████▍                                      68%|███████████████████████████████████████████████████████████████████████████████████████████████████████████████▌                                      68%|███████████████████████████████████████████████████████████████████████████████████████████████████████████████▌                                      68%|███████████████████████████████████████████████████████████████████████████████████████████████████████████████▌                                      68%|███████████████████████████████████████████████████████████████████████████████████████████████████████████████▌                                      68%|███████████████████████████████████████████████████████████████████████████████████████████████████████████████▌                                      68%|███████████████████████████████████████████████████████████████████████████████████████████████████████████████▌                                      68%|██████████████████████████████████████████████████████████████████████████████████100%|███████████████████████████████████████████████████████████████████████████████████████████████████████████████████████████████████████████████████████████████████| 9364/9364 [1:11:28<00:00,  2.18it/s]
total reward earned from Linucb: 9157.0
num times selected each bandit: [0, 219, 3587, 0, 0, 0, 0, 0, 991, 269838, 0, 0, 0, 0, 0, 0, 0, 0, 0, 8157, 0, 0, 0, 0, 4286439, 2060, 0, 1910, 0, 0, 0, 0, 0, 0, 1534, 0, 2480, 0, 0, 0, 0, 0, 0, 0, 0, 0, 102872, 0, 0, 1905, 0, 0, 0, 0, 0, 0, 0, 0, 0, 0, 0, 0, 0, 0, 0, 0, 0, 0, 0, 0, 0, 0, 0]
Doubling Round 9363
==================================================================================
Trying alpha = 0.3, lambda = 0.2, p = 1000
==================================================================================
100%|███████████████████████████████████████████████████████████████████████████████████████████████████████████████████████████████████████████████████████████████████| 4682/4682 [1:19:41<00:00,  1.02s/it]
total reward earned from Linucb: 9124.0
num times selected each bandit: [0, 906, 10507, 0, 0, 0, 0, 0, 2979, 256288, 0, 0, 0, 0, 0, 0, 0, 0, 0, 20210, 0, 0, 0, 0, 4261928, 5957, 1158, 7088, 0, 0, 0, 0, 0, 0, 5209, 0, 4985, 0, 0, 0, 0, 0, 0, 0, 0, 0, 102362, 0, 0, 2415, 0, 0, 0, 0, 0, 0, 0, 0, 0, 0, 0, 0, 0, 0, 0, 0, 0, 0, 0, 0, 0, 0, 0]
Doubling Round 4681
==================================================================================
Trying alpha = 0.3, lambda = 0.2, p = 2000
==================================================================================
100%|███████████████████████████████████████████████████████████████████████████████████████████████████████████████████████████████████████████████████████████████████| 2341/2341 [1:16:47<00:00,  1.97s/it]
total reward earned from Linucb: 8795.0
num times selected each bandit: [0, 8548, 868415, 0, 0, 0, 0, 0, 13193, 225098, 0, 0, 0, 0, 0, 0, 0, 0, 0, 34684, 0, 0, 0, 0, 2037139, 20269, 3223, 22202, 0, 0, 0, 0, 0, 0, 7378, 0, 6578, 0, 0, 1330488, 0, 0, 0, 0, 0, 0, 101343, 0, 0, 3434, 0, 0, 0, 0, 0, 0, 0, 0, 0, 0, 0, 0, 0, 0, 0, 0, 0, 0, 0, 0, 0, 0, 0]
Doubling Round 2340
total reward earned from Random: []
DURATION FOR Non-Lazy LinUCB: 15:22:00.913602
================================================


================================================
RUNNING LAZY EXPERIMENTS
================================================
==================================================================================
Trying alpha = 0.3, lambda = 0.2, p = 1
==================================================================================
100%|████████████████████████████████████████████████████████████████████████████████████████████████████████████████████████████████████████████████████████████| 4681992/4681992 [6:39:24<00:00, 195.37it/s]
total reward earned from Linucb: 9355.0
num times selected each bandit: [92232, 49485, 67458, 0, 14580, 40295, 53426, 73379, 158043, 47188, 54515, 77175, 1756, 59044, 71854, 70492, 91925, 77174, 74818, 70491, 77174, 74045, 0, 19854, 90854, 161357, 70712, 225295, 91935, 91913, 77163, 73395, 0, 92253, 154097, 91657, 708898, 91602, 92395, 75118, 91880, 92099, 68267, 0, 92238, 92308, 92432, 92609, 92609, 92478, 92606, 93444, 0, 83975, 0, 0, 0, 0, 0, 0, 0, 0, 0, 0, 0, 0, 0, 0, 0, 0, 0, 0, 0]
Doubling Rounds: 4681990
==================================================================================
Trying alpha = 0.3, lambda = 0.2, p = 5
==================================================================================
100%|███████████████████████████████████████████████████████████████████████████████████████████████████████████████████████████████████████████████████████████████| 936399/936399 [3:14:26<00:00, 80.27it/s]
total reward earned from Linucb: 9173.0
num times selected each bandit: [92316, 50775, 67781, 0, 14579, 41315, 54819, 74020, 134475, 48434, 55925, 77603, 1755, 60442, 72649, 71360, 92137, 77599, 75365, 71360, 77603, 74623, 0, 19864, 91146, 145032, 71552, 243439, 92145, 92126, 77646, 74026, 0, 92378, 158396, 91846, 706704, 91747, 92514, 75167, 92044, 92237, 68267, 0, 92317, 92415, 92532, 92689, 92686, 93666, 92687, 93594, 0, 84195, 0, 0, 0, 0, 0, 0, 0, 0, 0, 0, 0, 0, 0, 0, 0, 0, 0, 0, 0]
Doubling Rounds: 919566
==================================================================================
Trying alpha = 0.3, lambda = 0.2, p = 10
==================================================================================
100%|███████████████████████████████████████████████████████████████████████████████████████████████████████████████████████████████████████████████████████████████| 468200/468200 [3:01:36<00:00, 42.97it/s]
total reward earned from Linucb: 9368.0
num times selected each bandit: [92495, 49561, 66622, 0, 14581, 40602, 53526, 73063, 135063, 47345, 54620, 76967, 1758, 59060, 71467, 70084, 92004, 76963, 74587, 70082, 76965, 73787, 0, 19848, 90933, 177355, 70306, 245868, 92013, 91996, 77050, 73076, 0, 92387, 156449, 91923, 691930, 91853, 92591, 75208, 92092, 92358, 68489, 0, 92497, 92616, 92695, 92854, 92859, 92727, 92857, 93685, 0, 84275, 0, 0, 0, 0, 0, 0, 0, 0, 0, 0, 0, 0, 0, 0, 0, 0, 0, 0, 0]
Doubling Rounds: 458223
==================================================================================
Trying alpha = 0.3, lambda = 0.2, p = 20
==================================================================================
100%|███████████████████████████████████████████████████████████████████████████████████████████████████████████████████████████████████████████████████████████████| 234100/234100 [2:54:17<00:00, 22.39it/s]
total reward earned from Linucb: 9399.0
num times selected each bandit: [91621, 49617, 66559, 0, 14580, 40309, 53596, 73033, 136201, 47333, 54698, 76796, 1756, 59232, 71522, 70180, 91319, 76801, 74466, 70178, 76803, 73692, 0, 19794, 90324, 172941, 70401, 242054, 91326, 91312, 76877, 73045, 0, 91659, 156975, 91125, 714883, 91061, 91896, 74513, 91316, 91538, 67643, 0, 91620, 91697, 91845, 92006, 92010, 92931, 92010, 92872, 0, 84026, 0, 0, 0, 0, 0, 0, 0, 0, 0, 0, 0, 0, 0, 0, 0, 0, 0, 0, 0]
Doubling Rounds: 229228
==================================================================================
Trying alpha = 0.3, lambda = 0.2, p = 30
==================================================================================
100%|███████████████████████████████████████████████████████████████████████████████████████████████████████████████████████████████████████████████████████████████| 156067/156067 [2:54:20<00:00, 14.92it/s]
total reward earned from Linucb: 9299.0
num times selected each bandit: [91854, 49820, 67221, 0, 14580, 40748, 53799, 73416, 135902, 47562, 54908, 77037, 1754, 59454, 71980, 70670, 91613, 77040, 74789, 70671, 77038, 74041, 0, 19836, 90608, 170412, 70854, 229095, 91627, 91608, 77095, 73435, 0, 91942, 157695, 91334, 718372, 91233, 92124, 74717, 91550, 91774, 67794, 0, 91857, 91937, 92065, 92238, 92239, 93161, 92240, 93117, 0, 84136, 0, 0, 0, 0, 0, 0, 0, 0, 0, 0, 0, 0, 0, 0, 0, 0, 0, 0, 0]
Doubling Rounds: 152449
==================================================================================
Trying alpha = 0.3, lambda = 0.2, p = 50
==================================================================================
100%|█████████████████████████████████████████████████████████████████████████████████████████████████████████████████████████████████████████████████████████████████| 93640/93640 [3:57:15<00:00,  6.58it/s]
total reward earned from Linucb: 9227.0
num times selected each bandit: [92411, 50127, 67239, 0, 14579, 40852, 54123, 73632, 151752, 47866, 55241, 77507, 1757, 59661, 72109, 70790, 92214, 77505, 75117, 70791, 77505, 74314, 0, 19833, 91166, 145133, 71010, 239150, 92225, 92200, 77499, 73643, 0, 92458, 162068, 91852, 697866, 91729, 92603, 75109, 92057, 92277, 68466, 0, 92413, 92508, 92642, 92783, 92783, 92682, 92784, 93646, 0, 84315, 0, 0, 0, 0, 0, 0, 0, 0, 0, 0, 0, 0, 0, 0, 0, 0, 0, 0, 0]
Doubling Rounds: 88211
==================================================================================
Trying alpha = 0.3, lambda = 0.2, p = 100
==================================================================================
100%|█████████████████████████████████████████████████████████████████████████████████████████████████████████████████████████████████████████████████████████████████| 46820/46820 [4:00:52<00:00,  3.24it/s]
total reward earned from Linucb: 9315.0
num times selected each bandit: [92002, 49577, 66861, 0, 14579, 40628, 53480, 73048, 136699, 47322, 54575, 77001, 1753, 59063, 71574, 70259, 91632, 77007, 74604, 70257, 77005, 73791, 0, 19850, 90623, 173550, 70477, 240918, 91637, 91621, 77028, 73074, 0, 91936, 160289, 91436, 702349, 91330, 92159, 74821, 91637, 91921, 68189, 0, 92004, 92103, 92208, 92396, 92398, 93319, 92396, 93272, 0, 84334, 0, 0, 0, 0, 0, 0, 0, 0, 0, 0, 0, 0, 0, 0, 0, 0, 0, 0, 0]
Doubling Rounds: 38273
==================================================================================
Trying alpha = 0.3, lambda = 0.2, p = 250
==================================================================================
100%|█████████████████████████████████████████████████████████████████████████████████████████████████████████████████████████████████████████████████████████████████| 18728/18728 [4:03:16<00:00,  1.28it/s]
total reward earned from Linucb: 9300.0
num times selected each bandit: [92017, 49937, 67773, 0, 14574, 40669, 53975, 73540, 130638, 47622, 55091, 77374, 1749, 59565, 71937, 70437, 91686, 77374, 74986, 70439, 77373, 74203, 0, 19832, 90647, 166515, 70671, 248220, 91703, 91685, 77482, 73567, 0, 92043, 160986, 91378, 701371, 91161, 92247, 74905, 91639, 91881, 68212, 0, 92017, 92086, 92203, 92351, 92349, 92233, 92353, 93201, 0, 84095, 0, 0, 0, 0, 0, 0, 0, 0, 0, 0, 0, 0, 0, 0, 0, 0, 0, 0, 0]
Doubling Rounds: 14777
==================================================================================
Trying alpha = 0.3, lambda = 0.2, p = 500
==================================================================================
100%|███████████████████████████████████████████████████████████████████████████████████████████████████████████████████████████████████████████████████████████████████| 9364/9364 [4:02:41<00:00,  1.56s/it]
total reward earned from Linucb: 9230.0
num times selected each bandit: [92208, 49992, 67142, 0, 14565, 40767, 53982, 73010, 134429, 47691, 55076, 76965, 1737, 59476, 71605, 70370, 92010, 76963, 74570, 70370, 76967, 73755, 0, 19801, 90935, 167002, 70523, 246595, 92022, 92005, 76962, 73021, 0, 92285, 159861, 91635, 700456, 91175, 92358, 74648, 91862, 92077, 67897, 0, 92211, 92315, 92442, 92618, 92619, 92490, 92620, 93523, 0, 84384, 0, 0, 0, 0, 0, 0, 0, 0, 0, 0, 0, 0, 0, 0, 0, 0, 0, 0, 0]
Doubling Rounds: 8541
==================================================================================
Trying alpha = 0.3, lambda = 0.2, p = 1000
==================================================================================
100%|███████████████████████████████████████████████████████████████████████████████████████████████████████████████████████████████████████████████████████████████████| 4682/4682 [4:05:22<00:00,  3.14s/it]
total reward earned from Linucb: 9267.0
num times selected each bandit: [91594, 49311, 67413, 0, 14509, 40134, 53356, 72659, 158244, 46979, 54459, 76304, 1692, 59023, 71297, 70125, 91328, 76309, 74047, 70128, 76304, 73337, 0, 19620, 90228, 158416, 70233, 231905, 91342, 91318, 76387, 72680, 0, 91625, 165260, 90985, 716604, 90405, 91878, 74360, 91268, 91461, 67368, 0, 91596, 91664, 91831, 92029, 92032, 91922, 92032, 92967, 0, 84024, 0, 0, 0, 0, 0, 0, 0, 0, 0, 0, 0, 0, 0, 0, 0, 0, 0, 0, 0]
Doubling Rounds: 4602
==================================================================================
Trying alpha = 0.3, lambda = 0.2, p = 2000
==================================================================================
100%|███████████████████████████████████████████████████████████████████████████████████████████████████████████████████████████████████████████████████████████████████| 2341/2341 [3:55:21<00:00,  6.03s/it]
total reward earned from Linucb: 9387.0
num times selected each bandit: [89882, 48341, 66905, 0, 14415, 39337, 52321, 71173, 167331, 46087, 53432, 75078, 1653, 57828, 69759, 68677, 89497, 75074, 72746, 68675, 75079, 71951, 0, 19504, 88440, 168653, 68729, 237852, 89517, 89533, 75338, 71197, 0, 89839, 164363, 89231, 751472, 88801, 90155, 72953, 89480, 89754, 66327, 0, 89881, 89950, 90077, 90269, 90269, 90204, 90271, 91238, 0, 83454, 0, 0, 0, 0, 0, 0, 0, 0, 0, 0, 0, 0, 0, 0, 0, 0, 0, 0, 0]
Doubling Rounds: 2325
total reward earned from Random: []
DURATION FOR Lazy LinUCB: 1 day, 19:38:32.707752
================================================
